6   0  0  0  1  0  0  1  1  0
6   0  0  0  0  0  1  0  1  1
6   1  1  1  1  1  2  1  2  2
6   1  1  1  1  1  2  2  1  2
6   1  1  1  2  1  1  2  2  1
14   0.250000  0.200000  0.300000   0.180000  0.060000  0.030000   1.000000000  0.000000000  0.000000000  0.000000000
14   0.250000  0.500000  0.300000   0.180000  0.060000  0.030000   0.707106781  0.000000000  0.000000000  0.707106781
14   0.250000  0.800000  0.300000   0.180000  0.060000  0.030000   0.707106781  0.000000000  0.707106781  0.000000000
14   0.720000  0.500000  0.300000   0.200000  0.120000  0.050000   1.000000000  0.000000000  0.000000000  0.000000000
14   0.300000  0.150000  0.750000   0.060000  0.060000  0.060000   0.707106781  0.000000000  0.707106781  0.000000000
14   0.300000  0.500000  0.750000   0.060000  0.060000  0.120000   0.707106781  0.000000000  0.707106781  0.000000000
14   0.300000  0.850000  0.750000   0.060000  0.060000  0.180000   0.707106781  0.000000000  0.707106781  0.000000000
